3
1
12
-81 162 0 0 0 4 0 2 0 0 0 0 
0 -75 5 0 0 0 0 0 0 0 0 0 
0 0 -81 162 0 0 0 9 0 0 0 0 
0 0 0 -75 0 0 0 0 0 0 0 0 
0 0 0 0 -81 162 0 0 0 4 0 7 
0 0 0 0 0 -81 8 0 0 0 0 0 
0 0 0 0 0 0 -81 162 0 0 0 7 
0 0 0 0 0 0 0 -81 0 0 0 0 
0 0 0 0 0 0 0 0 -74 162 0 0 
0 0 0 0 0 0 0 0 0 -81 11 0 
0 0 0 0 0 0 0 0 0 0 -77 162 
0 0 0 0 0 0 0 0 0 0 0 -81 
2
12
0 -100 0 0 0 4 0 2 0 0 0 0 
0 6 5 0 0 0 0 0 0 0 0 0 
0 0 0 -100 0 0 0 9 0 0 0 0 
0 0 0 6 0 0 0 0 0 0 0 0 
0 0 0 0 0 -100 0 0 0 4 0 0 
0 0 0 0 0 0 8 0 0 0 0 0 
0 0 0 0 0 0 0 -100 0 0 0 0 
0 0 0 0 0 0 0 0 0 0 0 0 
0 0 0 0 0 0 0 0 0 -100 0 0 
0 0 0 0 0 0 0 0 0 0 0 0 
0 0 0 0 0 0 0 0 0 0 0 -100 
0 0 0 0 0 0 0 0 0 0 0 0 
3
4
-1 3 -2 0
0 -2 -1 -1
0 0 2 3
0 0 0 4
